Multistage (Tree) vs Static vs MNP vs MRP — Cost Summary
==========================================================

Multistage (tree)   : 6,851,726.79
Static              : 16,413,720.00
MNP                 : 7,698,347.88
MRP                 : 7,000,152.45

VMS vs Static         : 9,561,993.21 (+139.56%)
VMS vs MNP            : 846,621.09 (+12.36%)
VMS vs MRP            : 148,425.67 (+2.17%)

Component                  Multistage (tree)            Static               MNP               MRP
Purchase                        5,239,800.00      7,159,800.00      5,333,800.00      4,955,800.00
Planned subcontracting            634,244.00      9,253,920.00        266,448.00        165,308.00
Redeployment                          354.45              0.00              0.00              0.00
Corrective subcontracting         971,996.25              0.00      2,098,099.88      1,867,705.12
Rebalancing                         5,332.09              0.00              0.00         11,339.33


Per-scenario cost breakdown (realized, not expected)
==========================================================

Planned subcontracting:
  Model                         mean           std           min           max
  Multistage (tree)       634,244.00    445,946.60    114,192.00  1,383,356.00
  Static                9,253,920.00          0.00  9,253,920.00  9,253,920.00
  MNP                     266,448.00          0.00    266,448.00    266,448.00
  MRP                     165,308.00          0.00    165,308.00    165,308.00

Redeployment:
  Model                         mean           std           min           max
  Multistage (tree)           354.45        283.93         36.31        760.84
  Static                        0.00          0.00          0.00          0.00
  MNP                           0.00          0.00          0.00          0.00
  MRP                           0.00          0.00          0.00          0.00

Corrective subcontracting:
  Model                         mean           std           min           max
  Multistage (tree)       971,996.25    270,422.76    605,736.00  1,421,274.00
  Static                        0.00          0.00          0.00          0.00
  MNP                   2,098,099.88    829,279.52  1,045,410.00  3,431,316.00
  MRP                   1,867,705.12    864,395.30    728,856.00  3,053,034.00

Rebalancing:
  Model                         mean           std           min           max
  Multistage (tree)         5,332.09      1,139.07      3,918.66      8,162.59
  Static                        0.00          0.00          0.00          0.00
  MNP                           0.00          0.00          0.00          0.00
  MRP                      11,339.33      1,505.89      8,779.58     14,968.68

Per-scenario resource cost by model (scenario-varying components only)
==============================================================================
                           Multistage (tree)                       MNP                MRP            
         o      planned     redeploy   corrective    rebalance   corrective   corrective    rebalance
         0      114,192           88      605,934        3,919    1,045,410      728,982        8,780
         1      114,192           88      605,736        3,942    1,115,988      737,682       11,786
         2      114,192           67      630,144        4,210    1,149,126      731,940       11,368
         3      114,192           67      617,868        3,924    1,160,796      728,856       11,929
         4      400,556           36    1,010,790        5,297    1,694,388    1,635,708       11,913
         5      428,220           36    1,160,754        5,363    1,944,228    1,846,356       10,947
         6      247,416          134      739,344        4,933    1,262,082    1,113,180       11,148
         7      247,416          134      722,334        5,050    1,236,378    1,085,880       11,191
         8    1,383,356          761    1,154,304        5,048    3,116,328    3,053,034       10,159
         9    1,314,092          761      994,200        5,852    2,904,282    2,760,654        8,942
        10    1,077,076          689    1,013,910        6,508    2,619,684    2,493,228        9,645
        11      887,640          689    1,108,668        6,254    2,440,014    2,339,172       13,046
        12    1,144,624          497    1,331,322        4,706    3,431,316    3,020,742       11,789
        13      954,252          497    1,421,274        5,275    3,100,962    2,758,572       12,829
        14      808,860          563    1,227,534        8,163    2,688,966    2,427,612       14,969
        15      797,628          563    1,207,824        6,868    2,659,650    2,421,684       10,987
  Expected      634,244          354      971,996        5,332    2,098,100    1,867,705       11,339


Green vehicle coverage check (coverage vs theta * demand)
==========================================================
Model                 violations   min ratio  mean ratio   max ratio
Multistage (tree)              0       1.001       1.587       9.412
Static                         0       1.013       3.312      32.031
MNP                            0       1.000       1.799      15.375
MRP                            0       1.000       1.463      11.672
